rank  plus_delta  minus_delta  pearson_r
   1           4           -5     1.0000
   2           3           -4     0.8067
   3           3           -5     0.7314
   4           4           -4     0.7263
   5          -1           -5     0.7161
   6           4            0     0.7102
   7          -6           -5     0.6989
   8           4            5     0.6935
   9          -2           -5     0.6749
  10           2           -5     0.6714

r at (0,0) = 0.3136
best       = 1.0000 at (plus=4, minus=-5)
