rank  plus_delta  minus_delta  pearson_r
   1           4           -5     1.0000
   2           3           -4     0.7705
   3           3           -5     0.7249
   4           4           -4     0.7235
   5          -1           -5     0.7115
   6           4            0     0.7109
   7          -6           -5     0.6929
   8           4            5     0.6920
   9          -2           -5     0.6760
  10           4            1     0.6746

r at (0,0) = 0.3148
best       = 1.0000 at (plus=4, minus=-5)
